1.680868779325840334e-01 2.646861754843941039e-01 3.423157196173640671e-01 3.936453481744239813e-01 4.117496947148204800e-01 3.936453481744239813e-01 3.423157196173640671e-01 2.646861754843941039e-01 1.680868779325840334e-01
2.646861754843939929e-01 3.760661013585695489e-01 4.697587123010391608e-01 5.349480901484058304e-01 5.588132139452468561e-01 5.349480901484058304e-01 4.697587123010391608e-01 3.760661013585695489e-01 2.646861754843939929e-01
3.423157196173639560e-01 4.697587123010391608e-01 5.840453247845550644e-01 6.711597456269450257e-01 7.058767331756732322e-01 6.711597456269450257e-01 5.840453247845550644e-01 4.697587123010391608e-01 3.423157196173639560e-01
3.936453481744238703e-01 5.349480901484058304e-01 6.711597456269450257e-01 7.920245482105404689e-01 8.529402524060996083e-01 7.920245482105404689e-01 6.711597456269450257e-01 5.349480901484058304e-01 3.936453481744238703e-01
4.117496947148203690e-01 5.588132139452468561e-01 7.058767331756732322e-01 8.529402524060996083e-01 1.000000000000000000e+00 8.529402524060996083e-01 7.058767331756732322e-01 5.588132139452468561e-01 4.117496947148203690e-01
3.936453481744238703e-01 5.349480901484058304e-01 6.711597456269450257e-01 7.920245482105404689e-01 8.529402524060996083e-01 7.920245482105404689e-01 6.711597456269450257e-01 5.349480901484058304e-01 3.936453481744238703e-01
3.423157196173639560e-01 4.697587123010391608e-01 5.840453247845550644e-01 6.711597456269450257e-01 7.058767331756732322e-01 6.711597456269450257e-01 5.840453247845550644e-01 4.697587123010391608e-01 3.423157196173639560e-01
2.646861754843939929e-01 3.760661013585695489e-01 4.697587123010391608e-01 5.349480901484058304e-01 5.588132139452468561e-01 5.349480901484058304e-01 4.697587123010391608e-01 3.760661013585695489e-01 2.646861754843939929e-01
1.680868779325839224e-01 2.646861754843938819e-01 3.423157196173638450e-01 3.936453481744237592e-01 4.117496947148202580e-01 3.936453481744237592e-01 3.423157196173638450e-01 2.646861754843938819e-01 1.680868779325839224e-01
