3.186620163981824794e-01 3.977772284252087953e-01 4.613561363395991544e-01 5.033953079431218169e-01 5.182228403523095883e-01 5.033953079431218169e-01 4.613561363395991544e-01 3.977772284252087953e-01 3.186620163981824794e-01
3.977772284252087953e-01 4.889978343138150496e-01 5.657324583529138584e-01 6.191228201983318691e-01 6.386684522794103813e-01 6.191228201983318691e-01 5.657324583529138584e-01 4.889978343138150496e-01 3.977772284252087953e-01
4.613561363395991544e-01 5.657324583529138584e-01 6.593336522294477309e-01 7.306807122001559573e-01 7.591140642065111743e-01 7.306807122001559573e-01 6.593336522294477309e-01 5.657324583529138584e-01 4.613561363395991544e-01
5.033953079431218169e-01 6.191228201983318691e-01 7.306807122001559573e-01 8.296694701450801901e-01 8.795596761336119673e-01 8.296694701450801901e-01 7.306807122001559573e-01 6.191228201983318691e-01 5.033953079431218169e-01
5.182228403523095883e-01 6.386684522794103813e-01 7.591140642065111743e-01 8.790484505168680851e-01 9.519094892098743932e-01 8.795596761336119673e-01 7.591140642065111743e-01 6.386684522794103813e-01 5.182228403523095883e-01
5.033953079431218169e-01 6.156746284310585793e-01 7.260009235868558619e-01 8.277573151067436630e-01 8.773457072509684984e-01 8.296694701450801901e-01 7.306807122001559573e-01 6.191228201983318691e-01 5.033953079431218169e-01
4.568842032666937669e-01 5.625410081040655985e-01 6.574465384288373793e-01 7.298741152742322935e-01 7.591140642065111743e-01 7.306807122001559573e-01 6.593336522294477309e-01 5.657324583529138584e-01 4.613561363395991544e-01
3.949912707178261373e-01 4.871191296961771000e-01 5.647008973501432827e-01 6.185894040231072477e-01 6.386684522794103813e-01 6.191228201983318691e-01 5.657324583529138584e-01 4.889978343138150496e-01 3.977772284252087953e-01
3.167875279984582182e-01 3.965072201852095635e-01 4.605527532495916621e-01 5.030147513838416629e-01 5.182228403523095883e-01 5.033953079431218169e-01 4.613561363395991544e-01 3.977772284252087953e-01 3.186620163981824794e-01
